,player_1_name,player_2_name,player_1_wins,player_2_wins,ties,player_1_elo,player_2_elo
0,random_agent,minimax_agent_dept_3,0.0,99.0,1.0,813.690005735087,1598.9917338925795
1,random_agent,minimax_agent_dept_6,0.0,99.0,1.0,753.8850457240397,1489.12930468121
2,random_agent,minimax_agent_dept_9,0.0,100.0,0.0,747.8638579080938,1882.5698037609209
3,random_agent,mcts_agent_10,11.0,67.5,21.5,700.8166563960655,917.6025898661998
4,random_agent,mcts_agent_100,11.0,65.0,24.0,723.5441317713078,961.0202175715726
5,random_agent,mcts_agent_1000,10.5,69.0,20.5,720.2859116341757,970.4004385933437
6,minimax_agent_dept_3,random_agent,93.5,2.0,4.5,1490.7900910256024,828.487554501154
7,minimax_agent_dept_3,minimax_agent_dept_6,0.0,100.0,0.0,1162.0269071071773,1817.892488599635
8,minimax_agent_dept_3,minimax_agent_dept_9,0.0,100.0,0.0,1114.9212214895547,1929.6754893785435
9,minimax_agent_dept_3,mcts_agent_10,38.5,9.0,52.5,1095.8820165783793,936.6417947773774
10,minimax_agent_dept_3,mcts_agent_100,50.5,11.0,38.5,1088.5267191368769,968.3755150130752
11,minimax_agent_dept_3,mcts_agent_1000,52.5,3.5000000000000004,44.0,1108.810126109262,950.117031620957
12,minimax_agent_dept_6,random_agent,97.0,0.0,3.0,1778.669645566469,867.7103975343191
13,minimax_agent_dept_6,minimax_agent_dept_3,0.0,0.0,100.0,1443.7441878663208,1443.73558380941
14,minimax_agent_dept_6,minimax_agent_dept_9,0.0,100.0,0.0,1329.2459949845634,2044.173682260301
15,minimax_agent_dept_6,mcts_agent_10,76.0,0.0,24.0,1316.8872800695508,949.00050969239
16,minimax_agent_dept_6,mcts_agent_100,71.0,0.5,28.499999999999996,1303.4668697286982,981.7959253539267
