,player_1_name,player_2_name,player_1_wins,player_2_wins,ties,player_1_elo,player_2_elo
0,random_agent,minimax_agent_dept_3,0.0,100.0,0.0,854.6446405754193,1456.8013407683095
1,random_agent,minimax_agent_dept_6,0.0,100.0,0.0,844.386064104137,1362.4005205616506
2,random_agent,minimax_agent_dept_9,0.0,100.0,0.0,844.1862265699049,2044.3735197945332
3,random_agent,mcts_agent_10,20.0,40.0,40.0,844.8237311802793,948.3630050820155
4,random_agent,mcts_agent_100,0.0,90.0,10.0,801.0307867939086,1025.5888697402972
5,random_agent,mcts_agent_1000,0.0,80.0,20.0,759.5546280898421,942.918115963354
6,minimax_agent_dept_3,random_agent,70.0,0.0,30.0,1430.9802617083214,785.3757071498305
7,minimax_agent_dept_3,minimax_agent_dept_6,0.0,100.0,0.0,1337.7870016052307,1455.5937806647414
8,minimax_agent_dept_3,minimax_agent_dept_9,0.0,100.0,0.0,1334.476894925083,2047.683626474681
9,minimax_agent_dept_3,mcts_agent_10,20.0,10.0,70.0,1270.7491082952818,1012.0907917118166
10,minimax_agent_dept_3,mcts_agent_100,60.0,10.0,30.0,1260.344832578452,1035.993145457127
11,minimax_agent_dept_3,mcts_agent_1000,40.0,10.0,50.0,1224.9060187661605,978.3569297756455
12,minimax_agent_dept_6,random_agent,90.0,0.0,10.0,1449.9744630638158,790.9950247507564
13,minimax_agent_dept_6,minimax_agent_dept_3,0.0,0.0,100.0,1402.7924726732683,1272.088009156708
14,minimax_agent_dept_6,minimax_agent_dept_9,0.0,100.0,0.0,1398.136148033051,2052.339951114898
15,minimax_agent_dept_6,mcts_agent_10,70.0,0.0,30.0,1388.3141400932268,1021.9127996516407
16,minimax_agent_dept_6,mcts_agent_100,70.0,0.0,30.0,1380.697799074657,1043.6094864756967
17,minimax_agent_dept_6,mcts_agent_1000,100.0,0.0,0.0,1397.279467532833,961.77526131747
18,minimax_agent_dept_9,random_agent,100.0,0.0,0.0,2052.4802477349835,790.8547281306711
19,minimax_agent_dept_9,minimax_agent_dept_3,0.0,0.0,100.0,1956.2893424982294,1368.2789143934622
20,minimax_agent_dept_9,minimax_agent_dept_6,100.0,0.0,0.0,1963.7070727736066,1389.8617372574558
21,minimax_agent_dept_9,mcts_agent_10,50.0,0.0,50.0,1914.9156223283528,1070.7042500968946
22,minimax_agent_dept_9,mcts_agent_100,50.0,10.0,40.0,1856.627672535593,1101.8974362684564
23,minimax_agent_dept_9,mcts_agent_1000,60.0,0.0,40.0,1818.0240299230738,1000.3789039299895
24,mcts_agent_10,random_agent,30.0,10.0,60.0,1032.3301113836212,829.2288668439447
25,mcts_agent_10,minimax_agent_dept_3,0.0,100.0,0.0,1009.608803675007,1391.0002221020761
26,mcts_agent_10,minimax_agent_dept_6,0.0,100.0,0.0,991.1571874834539,1408.3133534490091
27,mcts_agent_10,minimax_agent_dept_9,0.0,100.0,0.0,989.472986105066,1819.7082313014614
28,mcts_agent_10,mcts_agent_100,40.0,30.0,30.0,1017.4727740932868,1073.897648280236
29,mcts_agent_10,mcts_agent_1000,40.0,40.0,20.0,1008.4821497011699,1009.3695283221061
30,mcts_agent_100,random_agent,60.0,20.0,20.0,1058.0586531838926,845.0678619402878
31,mcts_agent_100,minimax_agent_dept_3,0.0,100.0,0.0,1035.0213709957377,1414.037504290231
32,mcts_agent_100,minimax_agent_dept_6,0.0,100.0,0.0,1015.9456392909225,1427.3890851538242
33,mcts_agent_100,minimax_agent_dept_9,0.0,100.0,0.0,1014.0264881762228,1821.6273824161615
34,mcts_agent_100,mcts_agent_10,30.0,60.0,10.0,993.4150816447152,1029.0935562326772
35,mcts_agent_100,mcts_agent_1000,20.0,50.0,30.0,977.1780680527887,1025.6065419140327
36,mcts_agent_1000,random_agent,70.0,10.0,20.0,1033.2365061315995,837.437897722721
37,mcts_agent_1000,minimax_agent_dept_3,0.0,100.0,0.0,1014.8333098863598,1432.4407005354713
38,mcts_agent_1000,minimax_agent_dept_6,0.0,90.0,10.0,1008.4083496611503,1433.8140453790338
39,mcts_agent_1000,minimax_agent_dept_9,0.0,90.0,10.0,1016.4802203569596,1813.5555117203521
40,mcts_agent_1000,mcts_agent_10,60.0,20.0,20.0,1053.9126148793507,991.661161710286
41,mcts_agent_1000,mcts_agent_100,40.0,40.0,20.0,1036.3898599529302,994.7008229792091
